30
6
5 2 4 6 3 1
6
2 4 8 16 32 64
3
1 1 1
3
200000 200000 200000
200
143625 88856 383 41364 26044 84260 116815 1500 928 4 432 272 880 1220 23625 14616 63 6804 4284 13860 19215 19500 12064 52 5616 3536 11440 15860 6000 3712 16 1728 1088 3520 4880 122250 75632 326 35208 22168 71720 99430 26250 16240 70 7560 4760 15400 21350 383 4 63 52 16 326 70 375 232 1 108 68 220 305 43483 114055 137428 184519 116621 165300 55446 84591 55882 138618 40624 170736 68995 59302 4082 23489 58495 190221 190755 189677 126533 164294 159143 106370 139686 45817 61128 109377 186132 167335 31660 117359 135330 197373 43793 84303 43386 124984 59256 161233 16604 196551 89672 148417 88104 93908 10881 44604 95507 87459 79563 79236 118984 111676 166328 82808 103244 146195 72266 186001 55251 198542 20249 61577 81580 80159 101836 126472 186265 182998 154911 156233 187377 69187 116034 135099 10597 162606 199371 54102 79674 54114 63245 142089 76477 88623 103060 183217 140820 58503 168225 4538 162411 43829 3283 116279 67688 136929 174312 197313 4031 22661 136483 140953 55904 43208 39291 31488 156651 47329 93429 199346 181072 38696 194149 77886 579 187041 88792 139977 69369 8989 140710 72961 83777 37058 80314 74932 161736 74949 143536 82926 31874 109183 117590 42500 196012
200
112687 148542 100628 172967 160882 195533 2802 135142 167549 84530 93550 37761 111315 144255 38365 187890 199126 37424 155293 150291 4989 1781 44097 15455 155970 101390 122250 93102 193321 160911 42186 100855 128703 63220 135429 59779 114644 119673 168397 162376 30712 64238 123587 169694 133531 60317 39200 50960 76898 95835 177366 121538 176660 88274 30281 94176 67869 62670 70726 146552 14177 16267 182158 166878 49557 102326 116300 54571 46001 159659 199049 174826 23552 114226 153878 144527 164443 36811 6296 171640 74788 104838 141586 35148 30086 15261 95878 102728 182543 59535 47620 193637 663 31907 164576 131043 162298 79571 168071 173027 15685 56189 192909 70905 87254 14973 17859 92754 133435 101466 49887 175300 165855 119381 185215 37567 99299 19913 70943 132557 133540 42863 47846 197794 47946 174120 54594 106899 16931 96339 30796 120233 197701 130847 24137 19480 130283 73101 56410 84162 139237 175759 14477 53589 171800 182377 184715 37068 80010 192709 74229 58873 8485 160316 149132 142248 43276 121448 126923 178809 95000 154796 54334 96909 145731 59306 175827 176649 88288 193755 12903 195048 27120 142994 151605 118091 156177 120610 122414 35159 16807 46490 61808 75869 153387 180694 151192 23162 117177 31174 132767 60988 110138 28357 97893 95968 102600 89014 165846 37195
200
142697 89411 149084 149417 107962 149097 59242 196400 75814 119137 76681 91098 126333 186893 189425 3998 119900 126665 53238 60440 146460 105689 110158 111407 179053 18080 145813 39453 136266 193131 55565 77033 43457 42355 3874 156812 132749 195174 135105 178019 6427 103214 12053 178535 117070 178763 31542 156706 77679 52122 122490 134528 179762 16695 37172 72889 158040 79509 34460 72625 110166 112203 143552 163799 113270 83087 166653 32803 86214 29579 80872 25136 170262 72570 112223 130089 163963 87615 100021 166611 123090 138176 185919 179454 47668 32023 198624 111395 69511 65269 182938 11377 164797 101499 67751 144429 19594 63166 37259 42329 31122 190721 32736 74611 114171 71688 174939 198110 133007 43535 111860 84932 98138 114555 110500 48075 94931 167346 105957 60739 178940 1842 106459 61675 156402 192549 35115 92362 139304 94449 106304 63636 127272 98376 40486 171976 93389 171779 26760 29204 8747 130936 77285 192221 35457 188631 81938 46725 23046 82673 56779 53549 88993 145917 48526 56561 79575 130754 34972 10522 51529 165361 162155 79495 175534 143411 71221 143114 91355 85729 172272 92285 13938 82596 71629 21978 172969 158377 92705 10148 55701 189781 56415 100823 82527 87801 25893 146691 46643 114283 56110 66604 163682 33388 51852 25824 150018 129467 84837 106685
200
65537 131073 65537 131073 65537 131073 65537 65537 131073 131073 65537 65537 65537 65537 65537 65537 131073 131073 131073 131073 65537 65537 131073 65537 65537 131073 131073 65537 65537 131073 131073 131073 65537 65537 131073 131073 131073 131073 131073 65537 131073 65537 131073 131073 131073 65537 65537 131073 65537 131073 131073 131073 65537 65537 65537 65537 65537 131073 131073 65537 65537 65537 131073 131073 131073 65537 65537 131073 65537 65537 131073 131073 65537 65537 65537 65537 65537 131073 65537 131073 131073 65537 131073 65537 131073 131073 131073 65537 65537 65537 131073 65537 65537 131073 65537 65537 65537 65537 65537 131073 131073 131073 65537 65537 65537 131073 65537 65537 65537 65537 65537 65537 65537 131073 65537 65537 131073 131073 131073 65537 65537 131073 65537 65537 65537 131073 131073 65537 65537 65537 65537 131073 65537 131073 131073 65537 131073 131073 65537 131073 131073 65537 65537 131073 131073 131073 131073 131073 65537 65537 131073 131073 131073 131073 65537 131073 131073 65537 65537 131073 131073 65537 131073 65537 131073 131073 65537 65537 131073 131073 65537 131073 65537 65537 65537 65537 131073 65537 131073 65537 65537 65537 131073 65537 131073 131073 65537 131073 131073 131073 65537 131073 65537 65537 131073 65537 65537 65537 131073 65537
200
61192 51412 76747 169559 168237 87334 58661 70677 89339 86593 171936 62047 29288 46092 44237 58015 100327 80676 30532 53088 178820 155488 150907 94267 185950 100889 53078 190406 119919 129635 79981 189453 192247 84612 186305 110168 84138 122830 192848 116706 183844 143415 173075 183850 164070 118964 173198 137214 87734 4832 179388 174480 26450 139550 153717 103916 182467 52503 115617 47987 105414 142538 56161 11241 41930 166235 199684 195574 7633 150196 75985 76444 11226 168614 169292 172616 7896 145983 97299 109723 160124 132051 164204 131625 174853 181785 115551 60193 128442 92735 164324 16004 121042 41014 49928 52102 112257 26919 115306 186758 115640 113768 99534 150201 56308 166389 83919 110050 101872 144140 82976 65016 47321 77684 92948 111703 64901 80353 543 79351 55057 148413 128927 84465 11634 11884 44499 117053 166554 142940 94199 117355 172943 165533 39759 24894 127158 144409 89940 64131 167700 91256 163177 9637 157740 112472 108550 159225 121141 43486 26054 88660 132576 65294 114691 17186 72618 73930 183728 57391 36673 170737 96887 103777 78898 132654 138685 111149 125705 5042 189064 31492 49701 88882 95257 109304 179895 145202 69171 41928 57157 66158 125433 2903 1655 57757 85050 97048 65964 58671 56938 174914 67842 180255 120060 56822 120293 547 25685 11565
200
0 0 0 0 0 0 0 0 0 0 0 0 0 0 0 0 0 0 0 0 0 0 0 0 0 0 0 0 0 0 0 0 0 0 0 0 0 0 0 0 0 0 0 0 0 0 0 0 0 0 0 0 0 0 0 0 0 0 0 0 0 0 0 0 0 0 0 0 0 0 0 0 0 0 0 0 0 0 0 0 0 0 0 0 0 0 0 0 0 0 0 0 0 0 0 0 0 0 0 0 27051 45772 115547 129532 68599 170184 132333 137224 131539 54822 125093 170455 77681 98966 153001 117132 116205 129012 162836 108972 124192 147904 61132 168888 83728 65453 87845 124747 163362 177471 192438 176548 199758 18501 88188 175271 150645 141486 56754 21774 103019 174354 107397 65200 136769 23617 198352 50676 89540 12920 9712 119749 24435 128903 49293 176391 51774 82387 138452 19837 131021 52126 141564 49189 65399 5708 49963 88765 166180 59828 194056 103967 93289 83216 30327 92362 126708 33039 15369 178078 163365 131876 87346 172536 77013 65791 36585 138174 72139 92750 55268 32421 132276 121888 44278 26739 46059 45247 172783 109404
200
83655 23503 104654 45277 19049 122635 7169 64513 77702 177317 97285 115804 194977 150429 153395 12317 104692 193323 137864 109726 84298 49595 27620 17114 41418 50297 185282 126800 189996 70641 116975 28701 68044 191558 90475 136664 166314 155912 15933 107580 126496 62416 64233 20567 108862 117456 80695 171142 97579 194503 166766 126517 143653 15445 120909 129590 10842 104883 195610 97302 101657 22103 38817 28807 94642 73387 100983 78666 88088 135381 50030 42653 161251 167836 84877 82275 199329 86857 123555 134312 35342 78925 104145 192788 59546 97867 172909 86968 81116 160762 5528 32515 149160 91262 111086 30040 112514 93323 187761 20114 108442 159861 71431 101408 96743 70717 77384 41183 135706 25521 161233 92760 149280 19494 85572 98143 11231 164913 47558 31651 78493 4850 127075 39412 75319 3373 137629 199714 148580 182126 113094 14365 59975 160301 143937 55233 79594 147734 110876 46060 4567 65663 155373 98284 49820 126563 147334 4316 34123 138603 35843 113878 118698 56396 34612 159765 142534 152623 59974 134261 13458 72106 124736 195375 182092 10630 70125 81522 64604 41824 29205 63116 55843 26899 185834 46876 97733 84496 70061 10378 199311 22803 190054 147328 141449 132402 99352 27183 119755 194332 33923 131573 139222 185977 180450 189742 181115 67110 166761 95877
200
0 1 0 1 1 0 0 1 1 0 1 0 1 0 1 0 1 1 0 0 0 0 1 1 0 0 0 0 0 1 1 1 0 1 0 1 0 1 1 1 0 1 1 1 1 0 1 1 0 1 1 1 1 0 0 1 0 1 0 1 1 0 0 0 0 1 0 1 0 0 1 0 0 1 1 1 0 0 0 0 0 1 1 1 0 1 1 1 1 1 0 0 0 0 1 1 0 1 0 0 0 1 1 0 0 1 1 0 0 1 0 0 0 0 1 0 0 0 0 0 1 0 1 1 0 1 1 0 0 1 0 0 0 1 1 0 0 1 1 0 1 1 0 0 0 1 0 0 1 0 1 0 1 0 1 1 0 0 0 0 0 0 1 0 1 1 0 0 0 1 0 0 0 0 1 1 1 0 1 1 1 1 0 1 1 0 0 1 0 0 0 1 0 1 0 1 1 1 0 1
200
100542 124346 96038 14908 180631 53316 133511 7423 65067 43030 134935 182129 117221 108893 199803 154838 159059 160323 56890 60156 38551 77905 50866 184068 87347 16739 83558 147646 41722 146108 17738 103472 4579 100872 70619 13982 8008 115177 195373 158487 111243 111011 61814 875 197540 33486 8640 9987 197844 29881 155743 100895 84121 82951 6423 114219 120967 173575 7356 160703 27142 165541 16531 163114 139359 162312 126479 78878 155880 33307 73694 19343 107559 160341 173396 35488 144712 87350 57897 91802 179180 7847 96243 153712 86903 32263 78120 197038 71264 182875 193702 118760 4087 83778 126248 195326 191606 172200 46646 149411 90720 103141 63088 183828 45382 69132 63557 32326 6537 125858 78498 29315 139120 168488 140104 19736 149907 129576 67515 46490 46577 60628 191885 169155 17430 67884 53855 199761 36798 109623 138665 138153 109641 181872 125387 124217 148605 154250 168887 177358 108279 43044 47875 141937 128738 36341 65565 193623 88460 39511 170548 142842 112613 164969 24917 105098 55125 97559 88687 118106 32827 140291 144326 56325 173886 16177 18430 174649 163654 86342 32392 175255 41541 60390 140586 12228 45155 70763 26181 94989 94049 191159 101861 29423 197240 15359 164935 63459 198622 79743 120190 53728 197820 34494 67940 4341 178232 159174 108728 62805
200
23715 63495 58293 35802 35649 35343 17442 25857 65637 14076 56457 51561 46512 52080 139440 128016 78624 78288 77616 38304 56784 144144 30912 123984 113232 102144 20615 55195 50673 31122 30989 30723 15162 22477 57057 12236 49077 44821 40432 62310 166830 153162 94068 93666 92862 45828 67938 172458 36984 148338 135474 122208 13175 35275 32385 19890 19805 19635 9690 14365 36465 7820 31365 28645 25840 67735 181355 166497 102258 101821 100947 49818 73853 187473 40204 161253 147269 132848 56885 152305 139827 85878 85511 84777 41838 62023 157443 33764 135423 123679 111568 49755 133215 122301 75114 74793 74151 36594 54249 137709 29532 118449 108177 97584 9610 25730 23622 14508 14446 14322 7068 10478 26598 5704 22878 20894 18848 62930 168490 154686 95004 94598 93786 46284 68614 174174 37352 149814 136822 123424 17050 45650 41910 25740 25630 25410 12540 18590 47190 10120 40590 37070 33440 35030 93790 86106 52884 52658 52206 25764 38194 96954 20792 83394 76162 68704 44330 118690 108966 66924 66638 66066 32604 48334 122694 26312 105534 96382 86944 153 336 133 402 85 437 367 321 62 406 110 226 286 155 415 381 234 233 231 114 169 429 92 369 337 304 61445 106234 154516 116638 159674
200
98040 159960 144050 83420 10750 23220 132440 190920 56316 91884 82745 47918 6175 13338 76076 109668 21204 34596 31155 18042 2325 5022 28644 41292 70680 115320 103850 60140 7750 16740 95480 137640 34884 56916 51255 29682 3825 8262 47124 67932 40584 66216 59630 34532 4450 9612 54824 79032 67944 110856 99830 57812 7450 16092 91784 132312 20292 33108 29815 17266 2225 4806 27412 39516 430 247 93 310 153 178 298 89 228 372 335 194 25 54 308 444 82723 189790 117639 151311 151094 141578 80483 186913 149207 27663 178391 91313 129164 109716 34967 185495 19631 171772 15150 169489 119493 113167 157094 113245 98557 60009 20979 91300 95356 108013 77668 51968 126260 42282 182918 125979 136224 39421 173595 9155 195671 79969 182843 150913 41099 179704 151086 26802 54322 33417 103796 31242 42406 180152 77523 5223 127546 38559 194451 62435 173673 76330 43692 40753 96932 185051 184143 76165 106177 107329 162518 122557 131566 123539 33808 28624 16116 19157 87201 25091 4521 12149 87997 12356 27330 10114 95873 33003 64501 68850 97106 87537 132725 133527 140042 190514 63116 168666 32342 76651 45748 190308 47804 16392 188215 126785 138749 94579 183485 85991 86239 101798 116501 158982 152427 108843 114998 134647 115264 130620
200
50736 149184 48048 118272 36960 77952 2688 75264 71568 59494 174936 56342 138688 43340 91408 3152 88256 83922 42129 123876 39897 98208 30690 64728 2232 62496 59427 57380 168720 54340 133760 41800 88160 3040 85120 80940 65534 192696 62062 152768 47740 100688 3472 97216 92442 11174 32856 10582 26048 8140 17168 592 16576 15762 2416 7104 2288 5632 1760 3712 128 3584 3408 2416 7104 2288 5632 1760 3712 128 3584 3408 43488 127872 41184 101376 31680 66816 2304 64512 61344 336 394 279 380 434 74 16 16 288 151 444 143 352 110 232 8 224 213 116918 87094 147520 117625 198288 150671 157436 54941 78559 139620 110487 185320 135852 80131 113789 31251 199712 30984 75167 120569 156016 51501 45401 20960 41207 104078 59122 33392 52665 86711 68741 146652 123336 129530 81206 132395 4902 153066 169008 114162 111388 127454 438 17884 127595 122570 39063 65307 76698 168380 105251 108107 81048 60070 155101 70505 113871 8182 175954 67376 84486 197965 142334 19880 85213 17742 41524 73388 8915 193356 22338 91502 98954 165734 18569 75624 100948 32869 150421 58601 106653 136971 144220 61800 142179 29034 130692 66365 29999 53861 198849 119575 106512 54001 145428 15961 118090 44648 21858 109565 94047
200
1 1 1 1 1 1 1 1 1 1 1 1 1 1 1 1 1 1 1 1 1 1 1 1 1 1 1 1 1 1 1 1 1 1 1 1 1 1 1 1 1 1 1 1 1 1 1 1 1 1 1 1 1 1 1 1 1 1 1 1 1 1 1 1 1 1 1 1 1 1 1 1 1 1 1 1 1 1 1 1 1 1 1 1 1 1 1 1 1 1 1 1 1 1 1 1 1 1 1 1 1 1 1 1 1 1 1 1 1 1 1 1 1 1 1 1 1 1 1 1 1 1 1 1 1 1 1 1 1 1 1 1 1 1 1 1 1 1 1 1 1 1 1 1 1 1 1 1 1 1 1 1 1 1 1 1 1 1 1 1 1 1 1 1 1 1 1 1 1 1 1 1 1 1 1 1 1 1 1 1 1 1 1 1 1 1 1 1 1 1 1 1 1 1 1 1 1 1 1 1
3
65537 65537 131073
200
66646 172008 68937 114283 56319 95604 107878 63574 93575 61660 75831 44215 72474 157163 199436 182475 67924 193015 6801 115955 42925 199034 13811 199841 15601 103913 161512 146403 28714 10355 34936 169083 179593 150515 31544 115329 121513 72476 65081 94997 158690 155937 176427 148457 14515 121023 198264 79209 1818 110796 41366 50123 139050 91357 108160 115631 7486 143734 57474 158351 91668 835 4197 193805 103216 143571 45302 192417 78367 60644 66965 174365 74008 60082 81183 187961 171530 190906 4295 105783 94153 24818 45901 181808 16725 45550 46798 98931 142509 33181 2323 182867 46730 104443 29480 184407 61459 169706 4332 49168 109651 112036 58345 164355 71326 157980 138994 68302 108415 48510 40867 178414 50039 128277 169847 120500 5162 133142 21782 145091 73827 75984 67768 138135 41788 68557 59857 94866 107914 64000 120109 19747 197907 20152 72762 48233 55294 97164 103808 86219 104314 98134 105595 40567 192016 92098 70002 107353 74964 98095 185760 144896 107415 96166 65469 117952 125522 15656 123277 175412 97597 180380 75127 3148 126967 53864 32950 126361 10073 68699 121253 127221 1015 103072 122296 14730 110791 166181 97265 183798 183377 126973 168191 6358 97715 122398 47264 53453 56099 84394 152151 78718 47050 34358 53029 87592 24175 53132 102992 9298
200
0 0 0 0 0 0 0 0 0 0 0 0 0 0 0 0 0 0 0 0 0 0 0 0 0 0 0 0 0 0 0 0 0 0 0 0 0 0 0 0 0 0 0 0 0 0 0 0 0 0 0 0 0 0 0 0 0 0 0 0 0 0 0 0 0 0 0 0 0 0 0 0 0 0 0 0 0 0 0 0 0 0 0 0 0 0 0 0 0 0 0 0 0 0 0 0 0 0 0 0 65694 129134 9581 147696 74858 30081 103376 78028 54370 6713 68547 97679 7441 120872 56203 46124 7859 194629 176491 51282 82358 46985 73582 165963 42119 45295 48042 2724 136476 198894 59874 189490 175165 108679 163072 85450 24755 127468 169090 112431 169562 66015 121029 64191 81062 135056 161292 142834 99848 62642 31707 183684 118842 80983 49370 37572 181843 143810 126551 91164 175099 19750 98305 76261 111100 122804 98958 138337 131981 30273 12207 133682 89344 99414 194099 146071 157170 165618 137841 17597 33327 79876 104028 52768 97285 77610 175501 165599 181409 181454 158148 107422 36682 82617 91142 103735 115735 74978 7059 174493
200
155608 184256 53419 153396 197548 184500 38052 25748 194390 111877 140626 141567 106528 149847 49644 181246 144454 31578 91474 167378 125692 150044 101177 90627 76769 108764 62360 127270 120862 45750 59092 18719 143212 152167 114155 8205 195697 90837 35713 17833 33142 149854 142655 127567 73231 188418 8487 193912 14765 28490 179325 39689 190927 86239 71615 51767 125970 48551 133479 64013 64630 198330 34593 92143 113009 5619 81903 180779 63585 11803 6415 145124 74629 11188 156769 149179 159224 119886 154652 185638 39254 71049 44546 64282 75769 124138 157289 161960 100659 87069 58513 82628 67122 70056 3555 145079 142899 112688 21484 2595 150658 6309 182783 85439 93872 25045 7339 43812 176765 84929 153448 58057 188916 70161 16756 82818 61289 130148 138498 90916 18242 65080 94099 77338 112303 159096 38575 146012 189692 43720 68331 171335 6649 107438 118864 95711 126093 141601 62886 48172 15921 105975 107532 106854 7299 27868 54236 187743 78805 146640 168887 153890 80641 53831 92871 169186 175809 46194 122173 174508 61883 122937 128884 46127 50586 586 177481 137146 188801 126590 86037 134364 66943 112125 45186 16512 52780 126708 138214 171866 46801 156488 191129 112891 149775 131270 192671 105157 104161 29955 199487 110629 18921 54771 159176 16749 129419 184815 185998 199489
200
1703 3144 20829 57509 33929 4847 18471 3991 7368 48813 134773 79513 11359 43287 1547 2856 18921 52241 30821 4403 16779 2626 4848 32118 88678 52318 7474 28482 4875 9000 59625 164625 97125 13875 52875 4966 9168 60738 167698 98938 14134 53862 26 48 318 878 518 74 282 131 307 119 202 375 382 2 13 24 159 439 259 37 141 106194 107176 120723 89344 109186 98541 61084 35967 36175 32590 117940 164129 125563 102093 13913 94111 79781 155375 149330 9042 93104 187742 85415 134939 149770 171368 41314 95723 176062 48522 35620 81677 149895 41448 167224 170526 62292 100282 56403 175467 54976 194127 140596 117246 148986 18541 8950 81472 22947 121873 99003 70133 14720 134615 163185 12023 70519 111481 186281 89565 60030 117672 92308 118830 179397 49833 192090 43742 156496 15944 178825 78034 173337 191257 152553 11948 99715 3967 62172 143112 151083 35205 135415 160564 128445 194565 161699 24163 174248 193622 134523 88540 52567 39497 37343 33010 107160 165842 124505 9695 18681 65435 67002 23328 124831 16720 29688 111761 110026 197698 152303 118397 105152 38619 14243 47266 185538 109917 103588 152008 96685 94170 166827 113972 145450 54309 36768 85985 193431 65060 77189 84255 83957 179841 114492 49935 95141
200
79080 139570 123394 152319 87920 31134 19957 163366 136165 103956 51399 96142 14370 4175 151388 19289 80904 46394 138242 36334 119775 186732 108745 88768 155251 48557 109890 24337 162163 48788 100321 50099 159815 188102 53115 22640 11602 42855 66556 158531 82099 114563 104490 116238 80196 13699 19298 129559 4247 9296 179592 160470 112440 193197 57572 190705 42718 93436 41303 93 18717 171379 17162 75650 97634 126571 22898 129319 122022 186803 141532 10356 192554 88303 165488 182125 30475 12300 133152 78521 90564 26428 161907 7460 123531 151270 28693 188466 37220 153385 98316 107302 195573 101202 17626 34290 128372 195779 175475 45972 91269 81434 169152 3284 35367 184195 31201 95910 136175 195863 132476 136530 59087 47913 78339 197063 17896 20497 156494 61900 108993 154765 110482 15929 194256 96229 119908 62826 77050 5921 180987 91697 1661 91698 17796 63430 192763 25918 68788 145618 82803 123016 109410 106470 158044 63353 144325 89024 172218 49577 140881 70138 96541 113067 73692 128743 46766 7158 89985 2299 9104 72661 38824 169304 182270 22875 62961 70807 160173 150523 106067 31414 8467 48731 11723 14255 115532 143120 112315 26277 171862 108850 132872 95259 132246 95562 121562 102126 42273 4623 194097 51270 115939 157840 139216 4537 86711 90376 192765 181450
200
133931 60861 63307 23357 53308 93834 145751 141667 193687 10577 103755 175907 181784 35594 142330 71185 162117 178132 166782 29820 165535 175955 81984 182780 69087 72910 34975 107188 153975 158995 140118 69920 81946 20252 9609 100826 82141 172660 159398 32883 85478 135496 136013 179896 140416 161137 46113 53685 120633 40677 53156 100439 76700 59351 92161 152090 66446 11273 137494 106581 189573 17535 141998 99463 19547 139066 136318 65976 48891 196343 102581 197274 38929 188614 194199 15720 42189 199377 34755 172076 169069 160423 163647 3007 179793 31015 156674 114623 165627 176152 98670 42388 197454 111937 133929 131029 75562 28798 157578 35419 176935 194348 71175 99317 32541 16284 31679 53914 45314 119496 102906 133873 95022 54297 119753 33666 125204 185239 125462 165653 17202 63750 139757 54617 169279 95805 72627 48603 10972 136096 40058 146727 37208 33795 125999 185251 147445 13033 63815 144295 25073 106767 47710 9278 96479 53432 146317 93125 134231 81493 145403 13830 130890 155760 7313 119466 8673 73572 47463 76267 134989 171040 96883 189125 142669 140403 109784 183608 7143 177816 42617 122722 50782 6650 53902 69319 11943 149298 93540 186499 116695 181419 7384 125894 3001 174910 74424 90611 116541 51237 142599 151240 124647 161596 98166 110001 68414 67256 33349 141037
200
29532 41676 20286 61410 36846 4140 3312 37398 7866 7728 23184 39606 52002 73386 35721 108135 64881 7290 5832 65853 13851 13608 40824 69741 8988 12684 6174 18690 11214 1260 1008 11382 2394 2352 7056 12054 77040 108720 52920 160200 96120 10800 8640 97560 20520 20160 60480 103320 73830 104190 50715 153525 92115 10350 8280 93495 19665 19320 57960 99015 44084 62212 30282 91670 55002 6180 4944 55826 11742 11536 34608 59122 60776 85768 41748 126380 75828 8520 6816 76964 16188 15904 47712 81508 38948 54964 26754 80990 48594 5460 4368 49322 10374 10192 30576 52234 71476 100868 49098 148630 89178 10020 8016 90514 19038 18704 56112 95858 3424 4832 2352 7120 4272 480 384 4336 912 896 2688 4592 32528 45904 22344 67640 40584 4560 3648 41192 8664 8512 25536 43624 49006 69158 33663 101905 61143 6870 5496 62059 13053 12824 38472 65723 138 243 42 360 345 206 284 182 334 16 152 229 214 302 147 445 267 30 24 271 57 56 168 287 55383 25020 23591 58131 180150 57335 95388 126449 199938 191405 138274 93593 60600 109709 84399 32789 123241 171653 99576 81263 99906 154626 167888 60897 167941 144386 4359 63654 142012 162735 157603 160145
200
94365 176580 8910 143370 17010 53460 38880 50220 102465 28755 104085 18407 34444 1738 27966 3318 10428 7584 9796 19987 5609 20303 64541 120772 6094 98058 11634 36564 26592 34348 70081 19667 71189 77356 144752 7304 117528 13944 43824 31872 41168 83996 23572 85324 72696 136032 6864 110448 13104 41184 29952 38688 78936 22152 80184 22135 41420 2090 33630 3990 12540 9120 11780 24035 6745 24415 52192 97664 4928 79296 9408 29568 21504 27776 56672 15904 57568 72463 135596 6842 110094 13062 41052 29856 38564 78683 22081 79927 29591 55372 2794 44958 5334 16764 12192 15748 32131 9017 32639 84579 158268 7986 128502 15246 47916 34848 45012 91839 25773 93291 78754 147368 7436 119652 14196 44616 32448 41912 85514 23998 86866 405 79 277 332 312 95 224 311 127 363 338 233 436 22 354 42 132 96 124 253 71 257 103715 78921 71251 46987 40082 118113 42014 155055 98254 184935 55690 147782 44394 104726 34673 58033 86774 94451 149958 124931 171472 168998 114164 107484 46553 140219 161767 57899 91872 113706 103709 40880 153297 108558 74367 63532 28485 164015 137390 193101 71184 53171 136922 12002 186327 159605 27359 142119 14242 73300 143597 64723 176428 71352 47672 76714 104697
200
0 0 0 0 0 0 0 0 0 0 0 0 0 0 0 0 0 0 0 0 0 0 0 0 0 0 0 0 0 0 0 0 0 0 0 0 0 0 0 0 0 0 0 0 0 0 0 0 0 0 0 0 0 0 0 0 0 0 0 0 0 0 0 0 0 0 0 0 0 0 0 0 0 0 0 0 0 0 0 0 0 0 0 0 0 0 0 0 0 0 0 0 0 0 0 0 0 0 0 0 0 0 0 0 0 0 0 0 0 0 0 0 0 0 0 0 0 0 0 0 0 0 0 0 0 0 0 0 0 0 0 0 0 0 0 0 0 0 0 0 0 0 0 0 0 0 0 0 0 0 0 0 0 0 0 0 0 0 0 0 0 0 0 0 0 0 0 0 0 0 0 0 0 0 0 0 0 0 0 0 0 0 0 0 0 0 0 0 0 0 0 0 0 0 0 0 0 0 0 0
200
0 1 1 0 1 0 1 1 1 0 0 0 1 0 0 1 0 1 1 1 1 0 1 1 0 1 1 1 1 0 1 1 1 0 0 1 0 0 0 0 1 1 1 1 1 0 1 0 1 1 0 1 1 1 0 1 1 0 0 1 0 0 0 1 0 1 1 0 1 0 1 0 1 0 0 1 1 1 0 1 1 1 1 1 1 1 1 1 0 0 1 1 0 0 1 1 0 1 1 0 1 0 0 0 0 0 1 1 1 1 0 0 0 0 0 1 1 0 1 0 1 1 0 0 1 1 1 0 1 1 0 1 0 0 0 0 0 1 1 0 0 0 0 0 1 1 1 0 0 0 1 1 0 1 1 1 0 1 1 0 0 0 0 0 0 1 0 0 1 0 0 1 1 0 1 1 1 0 0 1 0 0 1 0 0 1 0 0 0 1 0 1 0 1 1 1 0 1 0 0
200
49120 50041 49734 54646 127712 105608 97319 1535 28858 7360 7498 7452 8188 19136 15824 14582 230 4324 64800 66015 65610 72090 168480 139320 128385 2025 38070 52640 53627 53298 58562 136864 113176 104293 1645 30926 41440 42217 41958 46102 107744 89096 82103 1295 24346 40160 40913 40662 44678 104416 86344 79567 1255 23594 67520 68786 68364 75116 175552 145168 133774 2110 39668 21600 22005 21870 24030 56160 46440 42795 675 12690 13760 14018 13932 15308 35776 29584 27262 430 8084 307 46 405 329 259 251 422 135 86 160 163 162 178 416 344 317 5 94 99649 127408 195003 46099 7182 164191 25832 21752 84016 74923 150686 102569 196742 123351 114298 137745 29244 10429 50957 165082 120293 163318 197157 46704 11635 146655 99476 17947 55335 50476 103697 171046 132020 47659 67949 99841 88208 122080 41860 52556 51130 68653 8583 113598 111196 69222 8406 8819 197632 80306 62965 115387 176227 178489 24977 45843 156289 145389 131556 6660 76223 107706 63091 22471 44833 49924 17166 175027 106700 132023 124567 164564 70695 12763 155191 4791 24248 40146 44360 183020 178557 161775 45059 130687 17581 27411 170827 70571 61529 147939 126278 108215 44228 77985 7562 54581 182917 192311 61489 78836 73687
200
200000 200000 200000 200000 200000 200000 200000 200000 200000 200000 200000 200000 200000 200000 200000 200000 200000 200000 200000 200000 200000 200000 200000 200000 200000 200000 200000 200000 200000 200000 200000 200000 200000 200000 200000 200000 200000 200000 200000 200000 200000 200000 200000 200000 200000 200000 200000 200000 200000 200000 200000 200000 200000 200000 200000 200000 200000 200000 200000 200000 200000 200000 200000 200000 200000 200000 200000 200000 200000 200000 200000 200000 200000 200000 200000 200000 200000 200000 200000 200000 200000 200000 200000 200000 200000 200000 200000 200000 200000 200000 200000 200000 200000 200000 200000 200000 200000 200000 200000 200000 200000 200000 200000 200000 200000 200000 200000 200000 200000 200000 200000 200000 200000 200000 200000 200000 200000 200000 200000 200000 200000 200000 200000 200000 200000 200000 200000 200000 200000 200000 200000 200000 200000 200000 200000 200000 200000 200000 200000 200000 200000 200000 200000 200000 200000 200000 200000 200000 200000 200000 200000 200000 200000 200000 200000 200000 200000 200000 200000 200000 200000 200000 200000 200000 200000 200000 200000 200000 200000 200000 200000 200000 200000 200000 200000 200000 200000 200000 200000 200000 200000 200000 200000 200000 200000 200000 200000 200000 200000 200000 200000 200000 200000 200000 200000 200000 200000 200000 200000 200000
