100
2 1
2 2
3 1
3 2
10 5
100000 1
100000 100000
100000 50000
92407 69166
80729 75036
96539 78494
97388 14199
80326 67818
84398 75429
96208 72178
98955 20772
99639 4430
82170 34362
83070 21623
90234 30342
90487 8796
91864 74083
88365 53541
94082 86590
90865 1177
97225 24765
83181 2540
85914 28981
96746 65140
97347 70955
80204 24630
90086 89673
83175 54866
90307 35318
85069 80408
94963 52648
99461 82243
80062 28066
91782 11470
83700 4654
91844 29304
97962 60799
91537 91215
97635 69389
99792 53879
81036 67786
89050 6118
86617 39909
85518 44451
88959 45617
92770 61483
88474 8546
88496 73548
83858 57548
98630 34574
92982 68911
84290 69303
96757 31289
81600 26571
85409 13627
83233 27348
93868 11568
89926 58013
85707 49768
93463 70996
93801 63314
92922 43049
98591 81092
94165 27961
97384 82390
97522 19661
88142 70488
85007 1295
85363 35946
82107 66902
81022 49759
85139 58090
96013 53322
93843 56672
82640 79450
95548 43095
93579 7343
95215 26266
98777 47380
84225 19649
85781 60058
86086 60317
94749 71788
83019 42299
97290 18488
87843 51061
83332 37996
84117 5663
91735 25488
80657 46854
87003 57558
93417 82259
86314 53282
80146 5489
99344 85930
