100
2 1
2 2
3 1
3 2
10 5
100 1
100 100
100 50
90 15
92 91
100 72
89 45
98 75
99 62
95 69
97 23
95 90
92 44
96 45
93 58
88 13
87 16
83 72
83 12
81 66
92 47
98 74
83 69
81 49
86 70
91 68
87 38
94 30
89 43
86 12
82 1
86 8
99 15
97 85
94 56
85 61
86 53
87 7
90 50
95 33
81 13
98 65
100 29
100 78
80 37
93 32
95 20
95 4
93 31
82 49
81 72
87 1
94 13
94 58
99 91
98 70
100 47
96 48
93 74
98 59
91 74
92 19
92 92
80 29
87 40
98 97
81 67
98 12
93 89
81 2
95 79
94 67
84 3
81 18
94 41
82 24
100 8
82 47
94 3
83 9
83 14
86 2
84 60
84 59
87 29
93 69
96 55
87 76
87 77
97 68
94 20
91 56
90 43
96 5
93 44
