100
2 1
2 2
3 1
3 2
10 5
100 1
100 100
100 50
99 55
100 54
82 53
89 25
94 46
83 51
81 76
90 12
98 91
100 18
96 76
98 68
93 44
95 68
96 14
93 6
89 84
85 32
95 88
81 48
91 38
83 82
97 56
82 44
81 38
90 22
93 50
87 75
89 71
96 73
95 94
85 66
81 17
92 88
92 78
83 32
92 86
96 10
88 43
91 55
95 44
88 85
98 78
82 80
98 38
86 17
99 17
87 48
90 23
100 8
82 58
91 53
90 19
90 67
93 49
99 33
84 80
94 69
97 86
94 59
85 29
95 89
95 56
94 76
97 45
82 17
87 80
86 29
91 80
95 74
80 61
88 65
84 66
91 28
88 25
91 32
99 64
83 43
81 36
84 30
83 65
85 68
94 48
97 53
97 68
90 33
92 61
88 52
92 50
92 45
94 17
87 74
