100
2 1
2 2
3 1
3 2
10 5
100 1
100 100
100 50
80 57
96 28
85 11
88 10
88 37
88 42
81 25
91 37
86 80
91 69
100 46
93 91
95 75
89 34
81 11
87 29
88 80
81 66
83 78
87 12
82 19
90 49
83 52
81 14
91 6
84 67
86 45
94 44
95 14
88 48
94 19
80 12
84 62
86 11
100 94
83 55
96 19
91 30
97 21
92 17
87 56
98 79
83 4
97 93
84 3
92 84
98 60
94 11
89 89
88 20
81 45
92 86
100 69
83 7
88 74
91 57
91 5
99 35
81 3
82 45
82 12
81 12
80 61
88 30
100 74
85 1
98 36
89 65
90 48
97 73
99 32
95 32
86 37
83 5
87 25
97 72
89 50
93 74
83 13
83 37
90 11
99 77
91 33
80 50
92 44
97 4
83 60
96 60
93 83
81 72
86 3
90 8
