100
2 1
2 2
3 1
3 2
10 5
100 1
100 100
100 50
83 72
94 74
84 1
86 36
87 81
81 21
89 22
83 60
89 25
82 24
82 9
91 45
99 21
89 81
92 69
82 69
97 68
90 24
97 17
100 75
82 44
91 10
100 30
92 1
89 18
89 23
82 56
87 86
90 87
94 72
94 73
95 14
90 53
100 38
96 65
88 55
93 36
90 47
98 51
97 46
98 86
84 57
98 32
83 79
81 66
85 50
83 21
81 57
80 60
96 68
81 67
85 66
83 68
97 4
90 77
81 2
92 5
95 4
82 57
81 52
86 12
93 44
87 84
83 36
95 28
93 62
84 34
85 8
100 54
85 33
100 33
80 15
92 62
81 58
88 62
90 49
95 21
91 77
87 3
100 12
94 18
85 61
92 80
92 27
95 15
94 62
98 63
94 45
92 9
86 83
90 81
80 4
