100
4
1332
4
9583
3
616
10
1029384756
3
211
94
0453025553426113212665733013602035377012350773507326046254227747541362177250617251115447577647
100
4922259581976392313889887481134638475764944454822486948856517321581824397222245271528478149636423561
90
433343434333333344444344333444443344333434334344334344433444344443434434333433333443433443
98
34221232134444332433433433224441341143414414232124222423231331214142431432132212223332123112421421
100
1964926777278444715656692922252232347198949366319359463664151892255447139174746517258253544944925755
99
453434333433535443345335353435535344554345535445434443535353353335353554433334434545554545544533345
96
221222210002101011201020010110002210122201221012000202122000220010002201212102101000210212120022
94
8998876697798887976786776767669889969766988796668986666999868987976668798966989979896969889696
94
2423236264622533262255655243222522336446536342524653565623523634224663366646342462333253345246
91
6776779686967699779766978689877888967786669676678976999679697797899677876966999868798887778
95
23544532225332344545425232523254544333425543354233232324444452345335444425433223425254544345252
2
01
91
4312334412122131121123324133412144114131442213212432224112341342113424324322412422433134112
90
587758587566675876766557556687876568768668576756666877776667558578767867888566758687658578
97
7171867451242415334466781762575637517872668556586667866742725466265838582757324536717747714423435
100
2332333322233232323322223233322332322322332222332232223322232222223333323332332232233332222323222322
97
4822557386162321764386566422346561314525458137141416187174323334458255486225175824746171873687227
93
447774764657454554557664775764554456765667657667564755455666664754475446476575554775546477464
3
011
95
68856558767888668865578777675768755778555768556758777558857685667778868558856755777586688758556
2
10
95
87888777778877787787788777777787887778788787888878877778778787878887778887788878887777787887788
94
2211112122212112221211111221222211212112111221221111222121121211221212221122122122221211112112
100
0987654321098765432109876543210987654321098765432109876543210987654321098765432109876543210987654321
99
411024212321214103214120214423001240012334331202020032442203013314020123220303302120041120410231100
95
38644733137542331241176431841277534132885141688384614876143432622738255127668134144785555381834
99
001122022122022121221220110001012102201021201220122002110110110201121201110102112212120002010201100
92
21422414420242112033142212310314110342403102414320434213444141434020014344442102332414434043
98
76645846584547646887577875667465785764476787554667774687648766657545865878877884577444877566466855
5
19091
97
7757664754467757475744575576546777445457664577654777545746667764544544765754674674575555647674544
92
43866654586474433383764387575343844638343486743877737473364668563584556585684777756845883336
99
741762541435144221575133756761737572357131444166633433371443217534566642127125544111651347221437264
93
595756466596745998674967549456784956948446977759766794544669456586555788479775584848689996974
3
110
91
3133324314242114122232341244334323212443411231342242141324123333333234423434443334434131113
94
4566878645657568648446868445774787654784578686764876777748844764868586687586486876888777557478
100
0000000000111111111122222222223333333333444444444444444444443333333333222222222211111111110000000000
95
43434344343333333333433344443343334343433334443343443344334343444443344434343433443434333333333
99
677767767677666766667777776776776766676666667767677666666676666676676667767766776666777677777667667
95
11100000001011100011110001011000010001101110101001011000011011001001101010010001010111110001000
98
22432432224444222333442233242222232443423233344324242343242432324322232444432232324233342342444322
91
3223333344331312413441231234332124332423323414121224413314122431423212311212224234131112431
90
924325979554839248222985832633959498949454944792863538845664265275652935853728622673343796
90
455633454556463564645535655556455333633333666554666565563445466336346333453544665564544634
95
77337347492478796497949426563389378256733875232365248929542823386864877466645994444295526372279
95
55233884775454727242648467442384244647725288345463884448445244677565455882772526525743327422467
91
4844767554447565675557847484488448746858857677884584558447848445864888756474478858645677864
96
462622655676434344356472424423746634737342773642664732767442572322535734665367744364753722367575
2
00
94
2243223232332233324322242442333442432424432223344342423243423223422232243433224322333324234324
92
03212003121323220103230030120223330030331331222032322301333212312313123000001213033111001323
94
5443544554445544443534435433335445434553555545443345343333534333444345545543545534444545533353
93
651310554120131546544265216442260155614614446333025060062255523615416526502641332523016445021
92
54554554545445544455454444555445544454444555545454545544554455455454544545455544555555454544
99
422153323252541111151142414413323422415544141312543341342415155324345254233214355554544242152134552
92
68256814786221421721836564518216157251242311164325122361425634323752174635281845517416353256
93
676776677777766667676767767776676766676677776667777667667667666666676777767666666777676667667
97
4344443434333433343334344344444333333433433333444433333344433343443433444433334344443334334443444
97
7768657887765578866565856665757756885588565855556778556856756768775775586858857656858775566758557
100
4302311303032301011242210303024133141423203340310401241231114232422110323443141120303130321411301020
93
638532444567854757545826743767635257447566758246258848555586246838555763664354648475835423445
99
444756665765447674764766677566745657766664547754766577547554564566657576454776644756557455555477644
3
112
97
1245377475552437713242326437354452111343776662115562357657112774155672125417353425161152514661552
97
5566565577577755675757577766757665666565676557757676665567577777655577567577565767557666665656665
93
734945194271218193225515974153422847854174655553955516917565575381486937431845254751964192113
94
1444332232212243134332421144444313431443131211233322441113412432143113124233342321241134114231
15
222229888888811
90
351337523624461652767473565612656757335326674665664615475224527675223513227424753361243663
96
533445544354533555433343354335334433544334435555554343435334535553334355345453544344433544454343
100
0123456789012345678901234567890123456789012345678901234567890123456789012345678901234567890123456789
95
33434344534354455345343354343355443453334344455344443434343554444543355455433433333535434343555
90
777887787788877878887887787878787888788788888778787877888787888787888788787787888777877788
100
9999999999999999999999999999999999999999999999999999999999999999999999999999999999999999999999999999
7
9000555
100
0000000000000000000000000000000000000000000000000000000000000000000000000000000000000000000000000000
95
46644656644546554554554644646555446654544565664456446464444446646655446544556654646466554644455
93
772444427254727326567765444466676363737755337566635273562622763354736664643676464775726473347
98
13231031313101110313012223312223013032111023302120100222111012301111130300333122112232311021013002
94
4655563436565335646464355463665363543453456335436553644455634555364354464343364433365433336454
96
732556826847884545376646848238458824338543747584265838725724832444372263482846235534537632835544
93
566676767756765557555565667667676655777667675557576756656776675677557576557657675655556666557
93
120101212122122021220121210120120112010121211220220220012110212201010212020220102022121121201
99
867868887787887788766868867688667776867777686778767687676887677776776786786877667888868768778868687
98
34145100356316066035014125455021565333644365564222521533504522043142631366154364535333621556552430
96
112246524446441415636117243126755341373742763157176152541655152367156121222461474516417635257754
95
43224233434322434242423332433422442423223323243234344444224234444432323423442434432332344432222
100
4197295233145685839739182443633875491171124664422844344789662482169144547671139882566621766727899295
92
98888889989988988999998998998998889889898899998888898899988889989988898889998988989998999898
98
23222323322322232232222223333333233332223223223233233323232333223232232233232232333333223223323223
99
244752256376374828872443333652277824873828576884357747852246878435227852747575476356522637852773228
93
869668888867869696667677669696879996677767896867888967669977767877866668666698776986978876868
3
001
92
44645645656646546645554664455466546545444466446564545455566546454564555564455655456566546444
